60 125
73
6 34 29 85
3 13 0 64
5 13 35 30
12 10 0 110
12 10 15 58
7 6 28 19
15 6 20 119
7 25 35 86
15 25 14 77
12 21 35 48
7 16 20 0
5 16 1 22
3 21 42 85
5 21 0 43
7 5 14 36
5 5 2 38
1 4 0 38
10 4 7 18
13 6 47 49
13 12 45 100
9 12 35 112
6 23 14 102
3 7 21 70
5 7 10 6
1 2 6 18
10 2 32 0
6 6 0 78
5 6 15 10
7 14 7 33
6 14 45 86
3 16 11 86
5 16 37 70
6 14 5 84
5 14 0 4
13 14 47 55
2 3 0 18
7 3 53 32
2 11 27 59
7 11 40 37
7 6 44 16
6 6 6 102
14 33 21 25
4 12 0 84
3 12 47 32
18 16 42 69
3 12 7 0
18 12 42 0
4 4 10 0
3 4 30 2
1 3 0 0
2 3 20 22
9 6 51 37
9 6 5 62
1 6 5 12
2 6 33 13
7 5 53 21
18 5 35 22
9 3 6 47
9 3 6 59
18 9 3 68
5 6 55 43
2 6 6 12
12 2 8 16
9 2 33 2
3 8 29 77
9 8 12 25
9 10 51 115
5 3 25 16
2 3 23 19
18 3 35 13
7 3 35 10
3 2 30 17
9 2 51 35
