60 107
73
6 34 44 58
3 13 55 63
5 13 23 67
12 10 11 67
12 10 13 31
7 6 0 80
15 6 2 3
7 25 0 31
15 25 45 5
12 21 7 81
7 16 0 86
5 16 55 47
3 21 50 58
5 21 25 30
7 5 23 23
5 5 3 102
1 4 20 6
10 4 0 56
13 6 44 101
13 12 5 19
9 12 51 79
6 23 39 11
3 7 46 30
5 7 32 5
1 2 9 11
10 2 21 10
6 6 7 35
5 6 40 5
7 14 3 66
6 14 33 16
3 16 57 91
5 16 55 31
6 14 49 30
5 14 0 17
13 14 8 41
2 3 1 104
7 3 53 76
2 11 23 12
7 11 32 96
7 6 44 49
6 6 15 11
14 33 30 47
4 12 39 34
3 12 0 68
18 16 19 80
3 12 32 35
18 12 10 55
4 4 23 51
3 4 30 0
1 3 0 0
2 3 30 4
9 6 21 96
9 6 0 60
1 6 28 58
2 6 53 70
7 5 48 44
18 5 8 102
9 3 51 2
9 3 44 55
18 9 39 92
5 6 18 22
2 6 0 3
12 2 33 0
9 2 22 28
3 8 10 9
9 8 0 9
9 10 21 0
5 3 3 0
2 3 53 64
18 3 33 2
7 3 30 30
3 2 37 81
9 2 46 0
