60 529
73
34 6 0 523
13 3 0 520
13 5 0 515
10 12 0 503
10 12 0 491
6 7 0 484
6 15 0 469
25 7 0 462
25 15 21 447
21 12 0 435
16 7 0 428
16 5 0 423
21 3 0 420
21 5 0 415
5 7 0 408
5 5 0 403
4 1 0 402
4 10 0 392
6 13 0 379
12 13 0 366
12 9 0 357
23 6 0 351
7 3 0 348
7 5 0 343
2 1 0 342
2 10 0 332
6 6 0 326
6 5 0 321
14 7 0 314
14 6 0 308
16 3 0 305
16 5 0 300
14 6 0 294
14 5 0 289
14 13 0 276
3 2 0 274
3 7 0 267
11 2 0 265
11 7 0 258
6 7 0 251
6 6 0 245
33 14 0 231
12 4 0 227
12 3 0 224
16 18 0 206
12 3 0 203
12 18 0 185
4 4 0 181
4 3 0 178
3 1 0 177
3 2 0 175
6 9 0 166
6 9 0 157
6 1 0 156
6 2 0 154
5 7 0 147
5 18 0 129
3 9 0 120
3 9 0 111
9 18 0 93
6 5 0 88
6 2 0 86
2 12 0 74
2 9 0 65
8 3 0 62
8 9 0 53
10 9 0 44
3 5 0 39
3 2 0 37
3 18 57 19
3 7 0 12
2 3 0 9
2 9 0 0
