60 111
73
34 6 26 46
13 3 23 52
13 5 47 41
10 12 50 66
10 12 50 78
6 7 2 42
6 15 0 66
25 7 11 33
25 15 35 93
21 12 18 21
16 7 7 59
16 5 8 46
21 3 32 9
21 5 39 0
5 7 0 59
5 5 3 37
4 1 55 12
4 10 2 49
6 13 39 21
12 13 48 53
12 9 48 23
23 6 23 40
7 3 53 5
7 5 53 13
2 1 0 0
2 10 6 90
6 6 0 8
6 5 12 27
14 7 9 51
14 6 12 3
16 3 23 0
16 5 36 34
14 6 32 55
14 5 28 13
14 13 15 66
3 2 0 14
3 7 8 27
11 2 6 25
11 7 42 14
6 7 0 16
6 6 6 19
33 14 15 79
12 4 27 5
12 3 23 18
16 18 29 61
12 3 41 5
12 18 15 93
4 4 28 9
4 3 46 66
3 1 2 0
3 2 0 1
6 9 0 96
6 9 0 23
6 1 5 0
6 2 45 21
5 7 6 3
5 18 30 93
3 9 45 25
3 9 0 33
9 18 6 72
6 5 12 16
6 2 26 3
2 12 0 45
2 9 0 81
8 3 8 13
8 9 52 32
10 9 18 9
3 5 3 32
3 2 6 1
3 18 8 90
3 7 3 1
2 3 11 9
2 9 6 10
