60 110
73
34 6 5 84
13 3 47 4
13 5 26 76
10 12 2 43
10 12 39 73
6 7 3 64
6 15 6 95
25 7 23 14
25 15 35 34
21 12 39 61
16 7 27 51
16 5 27 21
21 3 26 4
21 5 27 28
5 7 0 31
5 5 2 26
4 1 56 73
4 10 11 73
6 13 3 71
12 13 48 21
12 9 23 42
23 6 12 90
7 3 11 30
7 5 17 23
2 1 5 16
2 10 9 74
6 6 18 3
6 5 6 0
14 7 5 33
14 6 43 49
16 3 10 9
16 5 44 7
14 6 43 55
14 5 46 92
14 13 46 97
3 2 7 15
3 7 24 27
11 2 14 12
11 7 33 7
6 7 12 2
6 6 17 16
33 14 12 96
12 4 44 0
12 3 20 0
16 18 9 55
12 3 32 1
12 18 25 58
4 4 56 0
4 3 39 87
3 1 0 5
3 2 0 15
6 9 12 46
6 9 3 55
6 1 33 0
6 2 7 26
5 7 12 19
5 18 0 92
3 9 57 12
3 9 9 17
9 18 51 74
6 5 27 7
6 2 12 14
2 12 0 43
2 9 43 85
8 3 18 51
8 9 49 12
10 9 0 6
3 5 0 38
3 2 0 24
3 18 0 55
3 7 18 42
2 3 0 0
2 9 4 17
