60 92
73
34 6 20 39
13 3 10 56
13 5 23 54
10 12 7 19
10 12 0 38
6 7 18 6
6 15 54 61
25 7 11 47
25 15 23 17
21 12 9 59
16 7 2 31
16 5 40 76
21 3 19 71
21 5 35 81
5 7 35 74
5 5 55 87
4 1 1 80
4 10 56 77
6 13 54 39
12 13 48 17
12 9 48 30
23 6 0 13
7 3 11 6
7 5 0 24
2 1 10 55
2 10 2 52
6 6 0 7
6 5 1 19
14 7 34 32
14 6 0 86
16 3 39 14
16 5 11 0
14 6 35 86
14 5 0 81
14 13 40 63
3 2 28 45
3 7 11 74
11 2 12 54
11 7 0 0
6 7 5 74
6 6 49 86
33 14 27 0
12 4 6 9
12 3 27 14
16 18 36 45
12 3 7 71
12 18 23 74
4 4 36 64
4 3 55 14
3 1 56 76
3 2 31 45
6 9 30 59
6 9 4 50
6 1 18 5
6 2 22 45
5 7 29 32
5 18 0 62
3 9 6 61
3 9 17 20
9 18 14 74
6 5 23 34
6 2 23 32
2 12 0 50
2 9 18 29
8 3 32 68
8 9 52 52
10 9 10 38
3 5 24 12
3 2 4 59
3 18 20 21
3 7 24 5
2 3 30 68
2 9 0 29
