60 104
73
6 34 40 16
3 13 41 63
13 5 10 99
12 10 48 70
10 12 2 30
6 7 15 0
6 15 7 14
7 25 46 27
15 25 26 70
12 21 0 67
7 16 53 88
5 16 35 54
3 21 41 76
21 5 2 48
5 7 0 60
5 5 8 94
1 4 0 0
4 10 0 7
13 6 0 42
12 13 28 41
12 9 23 95
23 6 37 10
3 7 35 97
5 7 23 41
2 1 28 6
2 10 31 0
6 6 14 53
5 6 25 7
7 14 44 84
6 14 6 53
3 16 4 14
5 16 3 88
6 14 54 38
14 5 1 0
13 14 21 15
3 2 2 5
3 7 37 16
2 11 2 17
7 11 13 14
6 7 54 29
6 6 47 98
14 33 12 61
4 12 56 17
3 12 0 88
16 18 44 52
3 12 41 50
18 12 22 29
4 4 29 54
3 4 38 95
1 3 1 28
2 3 0 31
6 9 48 18
9 6 22 0
1 6 30 9
2 6 4 8
5 7 33 0
18 5 7 7
9 3 42 0
3 9 39 0
9 18 13 29
5 6 45 3
6 2 7 5
12 2 14 59
9 2 6 12
8 3 13 25
9 8 51 80
9 10 51 0
5 3 34 7
2 3 13 94
3 18 34 10
3 7 0 53
2 3 5 5
9 2 20 13
